40	8.65165E-6	8.54952E-6	7.96565E-6
39.5	8.48145E-6	8.39942E-6	7.80242E-6
39	8.27421E-6	8.15721E-6	7.65254E-6
38.5	8.11986E-6	8.16627E-6	7.45777E-6
38	7.99437E-6	7.59108E-6	7.34986E-6
37.5	7.82015E-6	7.53561E-6	7.17015E-6
37	7.66434E-6	7.41988E-6	7.03267E-6
36.5	7.50192E-6	7.20452E-6	6.8962E-6
36	7.35286E-6	6.93939E-6	6.7433E-6
35.5	7.21786E-6	6.80677E-6	6.64744E-6
35	7.10725E-6	6.51643E-6	6.51474E-6
34.5	6.93727E-6	6.45459E-6	6.3261E-6
34	6.80379E-6	6.09266E-6	6.19809E-6
33.5	6.69728E-6	5.70386E-6	6.08711E-6
33	6.5165E-6	5.51411E-6	5.94475E-6
32.5	6.38821E-6	5.3598E-6	5.80964E-6
32	6.30072E-6	5.96176E-6	5.63183E-6
31.5	6.1968E-6	5.88297E-6	5.51006E-6
31	6.08785E-6	5.74334E-6	5.38446E-6
30.5	5.92167E-6	5.31549E-6	5.22358E-6
30	5.84194E-6	4.61786E-6	5.09817E-6
29.5	5.72299E-6	3.97905E-6	4.96725E-6
29	5.56209E-6	4.38176E-6	4.83795E-6
28.5	5.4135E-6	4.12737E-6	4.71212E-6
28	5.29652E-6	3.88132E-6	4.58801E-6
27.5	5.21577E-6	3.60307E-6	4.47965E-6
27	5.0699E-6	3.37845E-6	4.34345E-6
26.5	4.9607E-6	3.51097E-6	4.22555E-6
26	4.84495E-6	3.19582E-6	4.09798E-6
25.5	4.75335E-6	3.27921E-6	3.9768E-6
25	4.62772E-6	3.06033E-6	3.85709E-6
24.5	4.48857E-6	3.07464E-6	3.74448E-6
24	4.42244E-6	3.13539E-6	3.63946E-6
23.5	4.25327E-6	3.86241E-6	3.51797E-6
23	4.15139E-6	3.72695E-6	3.4039E-6
22.5	4.08476E-6	3.56591E-6	3.29862E-6
22	3.94024E-6	3.3647E-6	3.19109E-6
21.5	3.82447E-6	2.98417E-6	3.08338E-6
21	3.75827E-6	2.93498E-6	2.97834E-6
20.5	3.64565E-6	2.96147E-6	2.86474E-6
20	3.53277E-6	2.40199E-6	2.75333E-6
19.5	3.43787E-6	2.31636E-6	2.6618E-6
19	3.35329E-6	2.21598E-6	2.55943E-6
18.5	3.26277E-6	2.14041E-6	2.46986E-6
18	3.1993E-6	2.00358E-6	2.3664E-6
17.5	3.10106E-6	1.94424E-6	2.26298E-6
17	3.00942E-6	1.84463E-6	2.17979E-6
16.5	2.88312E-6	1.81425E-6	2.09207E-6
16	2.81279E-6	1.85938E-6	2.01836E-6
15.5	2.70853E-6	1.82213E-6	1.92344E-6
15	2.62099E-6	1.81698E-6	1.83891E-6
14.5	2.54023E-6	1.9004E-6	1.76676E-6
14	2.43711E-6	1.7434E-6	1.68408E-6
13.5	2.37312E-6	1.66285E-6	1.63483E-6
13	2.28174E-6	1.59694E-6	1.54416E-6
12.5	2.21177E-6	1.64302E-6	1.46483E-6
12	2.13278E-6	1.58889E-6	1.405E-6
11.5	2.04735E-6	1.53717E-6	1.33255E-6
11	1.97266E-6	1.48244E-6	1.27437E-6
10.5	1.9007E-6	1.4292E-6	1.22072E-6
10	1.84812E-6	1.37938E-6	1.14933E-6
9.5	1.76403E-6	1.33123E-6	1.09379E-6
9	1.69894E-6	1.28816E-6	1.02457E-6
8.5	1.65644E-6	1.25188E-6	9.8474E-7
8	1.59772E-6	1.20318E-6	9.3205E-7
7.5	1.5338E-6	1.15786E-6	8.81E-7
7	1.47849E-6	1.11318E-6	8.33101E-7
6.5	1.38932E-6	1.08171E-6	7.82702E-7
6	1.31201E-6	1.03921E-6	7.39223E-7
5.5	1.28263E-6	9.8183E-7	6.95118E-7
5	1.23149E-6	9.7341E-7	6.52168E-7
4.5	1.17508E-6	9.3941E-7	6.08131E-7
4	1.12191E-6	8.9675E-7	5.70749E-7
3.5	1.07324E-6	8.71787E-7	5.33251E-7
3	1.02662E-6	8.64029E-7	4.95401E-7
2.5	9.6973E-7	8.25601E-7	4.62477E-7
2	9.1681E-7	7.67842E-7	4.22413E-7
1.5	8.66959E-7	7.57889E-7	3.89966E-7
1	8.29364E-7	7.38746E-7	3.61291E-7
0.5	7.89126E-7	7.14733E-7	3.31719E-7
0	7.41019E-7	6.62764E-7	3.02255E-7
-0.5	7.01118E-7	6.61579E-7	2.74215E-7
-1	6.72436E-7	6.26366E-7	2.57718E-7
-1.5	6.24567E-7	6.1102E-7	2.31568E-7
-2	5.84027E-7	5.79404E-7	2.10407E-7
-2.5	5.57835E-7	5.72869E-7	1.89124E-7
-3	5.3297E-7	5.27286E-7	1.69128E-7
-3.5	5.07089E-7	5.12132E-7	1.49288E-7
-4	4.821E-7	4.94659E-7	1.33986E-7
-4.5	4.47341E-7	4.84349E-7	1.18321E-7
-5	4.15251E-7	4.43886E-7	1.04336E-7
-5.5	3.87345E-7	4.36965E-7	9.1801E-8
-6	3.59573E-7	4.18352E-7	8.0031E-8
-6.5	3.4441E-7	3.91039E-7	6.9446E-8
-7	3.19235E-7	3.77472E-7	5.9307E-8
-7.5	2.98994E-7	3.77737E-7	5.1083E-8
-8	2.77804E-7	3.54968E-7	4.2241E-8
-8.5	2.63506E-7	3.50077E-7	3.5142E-8
-9	2.40691E-7	3.33413E-7	2.9922E-8
-9.5	2.19423E-7	3.24073E-7	2.427E-8
-10	2.00797E-7	2.97697E-7	2.0045E-8
-10.5	1.82731E-7	2.80042E-7	1.6959E-8
-11	1.63721E-7	2.66312E-7	1.3472E-8
-11.5	1.43311E-7	2.45006E-7	1.1412E-8
-12	1.23491E-7	2.44838E-7	9.332E-9
-12.5	1.02505E-7	2.25845E-7	7.784E-9
-13	8.4002E-8	2.19725E-7	6.376E-9
-13.5	6.7889E-8	2.12653E-7	5.254E-9
-14	5.1752E-8	2.05962E-7	4.408E-9
-14.5	3.8188E-8	1.94672E-7	3.678E-9
-15	2.7135E-8	1.82395E-7	3.129E-9
-15.5	1.8744E-8	1.71818E-7	2.635E-9
-16	1.2831E-8	1.70242E-7	2.134E-9
-16.5	8.513E-9	1.67423E-7	1.854E-9
-17	5.534E-9	1.58112E-7	1.48E-9
-17.5	3.579E-9	1.65191E-7	1.231E-9
-18	2.424E-9	1.519E-7	1.04E-9
-18.5	1.621E-9	1.43036E-7	9.19E-10
-19	1.149E-9	1.40509E-7	7.77E-10
-19.5	8.39E-10	1.36988E-7	6.41E-10
-20	6.19E-10	1.28119E-7	5.83E-10
-20.5	4.79E-10	1.33111E-7	5.12E-10
-21	3.87E-10	1.20698E-7	4.33E-10
-21.5	3.2E-10	1.21042E-7	3.9E-10
-22	2.74E-10	1.13592E-7	3.42E-10
-22.5	2.5E-10	1.10593E-7	3.07E-10
-23	2.17E-10	9.7512E-8	2.89E-10
-23.5	1.98E-10	9.4376E-8	2.53E-10
-24	1.89E-10	9.2677E-8	2.37E-10
-24.5	1.78E-10	9.032E-8	2.19E-10
-25	1.64E-10	7.9894E-8	1.97E-10
-25.5	1.56E-10	7.9027E-8	1.93E-10
-26	1.45E-10	7.6448E-8	1.76E-10
-26.5	1.35E-10	6.959E-8	1.7E-10
-27	1.32E-10	6.4619E-8	1.59E-10
-27.5	1.29E-10	6.0664E-8	1.52E-10
-28	1.22E-10	5.7334E-8	1.42E-10
-28.5	1.2E-10	5.3888E-8	1.38E-10
-29	1.22E-10	5.71E-8	1.38E-10
-29.5	1.23E-10	5.1724E-8	1.31E-10
-30	1.19E-10	5.127E-8	1.29E-10
-30.5	1.19E-10	4.4513E-8	1.28E-10
-31	1.16E-10	4.6147E-8	1.25E-10
-31.5	1.19E-10	4.2003E-8	1.24E-10
-32	1.16E-10	3.7176E-8	1.24E-10
-32.5	1.15E-10	3.8747E-8	1.2E-10
-33	1.12E-10	3.3813E-8	1.19E-10
-33.5	1.12E-10	3.3865E-8	1.18E-10
-34	1.1E-10	3.2749E-8	1.19E-10
-34.5	1.09E-10	3.1849E-8	1.15E-10
-35	1.11E-10	2.7779E-8	1.14E-10
-35.5	1.07E-10	2.53E-8	1.13E-10
-36	1.05E-10	2.3996E-8	1.17E-10
-36.5	1.06E-10	2.1285E-8	1.16E-10
-37	1.08E-10	2.1125E-8	1.15E-10
-37.5	1.07E-10	1.9122E-8	1.13E-10
-38	1.08E-10	1.7923E-8	1.07E-10
-38.5	1.08E-10	1.6869E-8	1.13E-10
-39	1.06E-10	1.5385E-8	1.13E-10
-39.5	1.03E-10	1.3507E-8	1.11E-10
-40	1E-10	1.2972E-8	1.1E-10
-40.5	1.05E-10	1.2772E-8	1.1E-10
-41	1.01E-10	1.2021E-8	1.08E-10
-41.5	1.04E-10	1.147E-8	1.09E-10
-42	1.06E-10	1.0313E-8	1.13E-10
-42.5	1.03E-10	1.0135E-8	1.1E-10
-43	1.04E-10	8.932E-9	1.1E-10
-43.5	1.04E-10	7.609E-9	1.07E-10
-44	1.06E-10	7.35E-9	1.07E-10
-44.5	1.04E-10	6.395E-9	1.09E-10
-45	1.01E-10	5.826E-9	1.08E-10
-45.5	1.02E-10	6.577E-9	1.04E-10
-46	1E-10	6.153E-9	1.08E-10
-46.5	1E-10	5.137E-9	1.09E-10
-47	9.9E-11	4.937E-9	1.07E-10
-47.5	1E-10	4.842E-9	1.1E-10
-48	9.9E-11	4.381E-9	1.11E-10
-48.5	1E-10	3.712E-9	1.06E-10
-49	1E-10	3.323E-9	1.12E-10
-49.5	1E-10	3.322E-9	1.11E-10
-50	1.02E-10	2.747E-9	1.06E-10
-50.5	1E-10	2.953E-9	1.08E-10
-51	9.8E-11	2.898E-9	1.06E-10
-51.5	1.01E-10	2.584E-9	1.07E-10
-52	1.01E-10	2.423E-9	1.09E-10
-52.5	1.01E-10	2.279E-9	1.12E-10
-53	1E-10	2.168E-9	1.1E-10
-53.5	9.9E-11	2.074E-9	1.09E-10
-54	1.02E-10	1.95E-9	1.06E-10
-54.5	1.01E-10	1.789E-9	1.07E-10
-55	1.03E-10	1.623E-9	1.12E-10
-55.5	1.06E-10	1.599E-9	1.11E-10
-56	1.01E-10	1.322E-9	1.09E-10
-56.5	1.03E-10	1.403E-9	1.08E-10
-57	1.06E-10	1.286E-9	1.09E-10
-57.5	1.02E-10	1.229E-9	1.12E-10
-58	1.05E-10	1.158E-9	1.11E-10
-58.5	1.07E-10	1.114E-9	1.12E-10
-59	1.06E-10	1.18E-9	1.07E-10
-59.5	1.06E-10	1.06E-9	1.11E-10
-60	1.06E-10	1.045E-9	1.09E-10
